199, 99
199, 100
199, 101
198, 102
197, 102
196, 102
195, 102
194, 102
193, 101
192, 101
191, 100
190, 100
189, 100
188, 100
187, 100
186, 101
185, 101
184, 101
183, 101
182, 101
181, 101
180, 101
180, 102
180, 103
179, 104
178, 104
177, 104
176, 104
175, 104
174, 104
173, 104
172, 105
171, 105
170, 106
169, 106
168, 107
167, 107
166, 107
165, 107
164, 108
163, 109
163, 110
162, 111
161, 111
160, 111
160, 112
160, 113
160, 114
160, 115
159, 116
158, 116
158, 117
157, 118
156, 118
155, 118
154, 119
153, 118
153, 117
152, 116
151, 115
150, 114
149, 114
148, 114
147, 114
146, 114
145, 114
144, 114
143, 114
142, 114
141, 115
140, 116
139, 116
138, 116
137, 116
136, 116
135, 116
135, 117
135, 118
135, 119
134, 120
134, 121
133, 122
132, 122
131, 122
130, 122
129, 122
128, 123
128, 124
127, 125
127, 126
126, 127
125, 127
124, 127
123, 127
123, 128
123, 129
123, 130
123, 131
123, 132
123, 133
123, 134
122, 135
121, 135
120, 135
119, 135
118, 135
117, 136
116, 137
116, 138
116, 139
115, 140
114, 140
113, 140
113, 141
113, 142
113, 143
113, 144
113, 145
112, 146
112, 147
112, 148
112, 149
112, 150
113, 151
113, 152
113, 153
113, 154
112, 155
111, 156
111, 157
111, 158
111, 159
111, 160
112, 161
113, 162
113, 163
113, 164
113, 165
114, 165
115, 165
116, 166
115, 167
114, 167
114, 168
114, 169
114, 170
113, 171
113, 172
113, 173
113, 174
113, 175
114, 176
114, 177
114, 178
115, 178
116, 179
116, 180
116, 181
116, 182
116, 183
116, 184
116, 185
117, 185
118, 185
119, 186
119, 187
119, 188
120, 188
121, 189
121, 190
121, 191
121, 192
121, 193
121, 194
122, 194
123, 194
124, 194
125, 194
126, 195
126, 196
126, 197
126, 198
126, 199
126, 200
127, 201
128, 202
128, 203
128, 204
129, 205
130, 205
131, 206
131, 207
131, 208
132, 208
133, 208
134, 209
134, 210
135, 210
136, 210
137, 211
137, 212
137, 213
138, 213
139, 214
139, 215
139, 216
140, 216
141, 216
142, 216
143, 217
143, 218
144, 219
144, 220
144, 221
145, 222
146, 222
147, 223
148, 223
149, 224
149, 225
149, 226
149, 227
149, 228
150, 228
151, 228
152, 228
153, 229
153, 230
154, 230
155, 231
155, 232
156, 233
157, 233
158, 233
159, 233
160, 233
161, 234
162, 234
163, 234
164, 234
165, 235
166, 236
167, 236
168, 237
167, 238
167, 239
167, 240
167, 241
167, 242
168, 243
169, 243
170, 244
170, 245
170, 246
170, 247
171, 247
172, 248
172, 249
172, 250
173, 250
174, 251
175, 251
176, 252
176, 253
176, 254
177, 255
178, 255
179, 255
180, 255
181, 255
182, 255
183, 256
183, 257
183, 258
183, 259
183, 260
184, 261
184, 262
185, 263
185, 264
186, 265
186, 266
187, 266
188, 266
189, 266
190, 266
191, 267
191, 268
191, 269
190, 270
190, 271
190, 272
190, 273
190, 274
191, 274
192, 274
193, 275
193, 276
193, 277
194, 277
195, 278
195, 279
196, 279
197, 280
197, 281
197, 282
197, 283
197, 284
197, 285
197, 286
198, 286
199, 287
199, 288
200, 289
200, 290
200, 291
200, 292
200, 293
201, 294
201, 295
202, 295
203, 296
203, 297
204, 297
205, 298
205, 299
205, 300
205, 301
206, 302
207, 303
208, 304
209, 304
210, 305
210, 306
211, 307
211, 308
211, 309
211, 310
211, 311
211, 312
212, 313
212, 314
212, 315
211, 316
211, 317
211, 318
211, 319
211, 320
212, 320
213, 320
214, 320
215, 320
216, 320
217, 321
217, 322
217, 323
217, 324
218, 324
219, 324
220, 324
221, 324
221, 323
222, 322
223, 322
224, 322
224, 321
224, 320
224, 319
224, 318
224, 317
224, 316
224, 315
224, 314
224, 313
224, 312
224, 311
224, 310
224, 309
225, 308
226, 309
226, 310
227, 310
228, 310
229, 310
230, 310
231, 310
231, 309
232, 308
233, 308
234, 308
235, 309
234, 310
233, 310
233, 311
233, 312
233, 313
233, 314
234, 315
234, 316
234, 317
234, 318
234, 319
234, 320
235, 320
236, 321
236, 322
237, 323
238, 324
238, 325
238, 326
238, 327
239, 328
239, 329
238, 330
238, 331
237, 332
236, 332
235, 333
234, 333
233, 333
232, 333
231, 333
230, 333
230, 334
230, 335
230, 336
230, 337
231, 337
232, 337
233, 338
233, 339
234, 339
235, 340
236, 340
237, 341
238, 342
238, 343
237, 344
236, 344
235, 344
234, 344
234, 345
234, 346
234, 347
233, 348
232, 349
231, 349
230, 349
229, 349
229, 350
229, 351
229, 352
229, 353
230, 354
231, 355
232, 356
232, 357
232, 358
232, 359
232, 360
233, 360
234, 361
234, 362
235, 362
236, 362
237, 363
237, 364
237, 365
237, 366
237, 367
238, 367
239, 368
239, 369
239, 370
239, 371
240, 372
240, 373
241, 373
242, 374
243, 375
243, 376
244, 376
245, 376
246, 377
246, 378
247, 378
248, 379
248, 380
249, 380
250, 380
251, 381
252, 381
253, 382
253, 383
253, 384
254, 384
255, 385
255, 386
255, 387
256, 387
257, 387
258, 387
259, 388
259, 389
260, 389
261, 389
262, 390
262, 391
262, 392
263, 393
264, 393
265, 393
266, 394
266, 395
266, 396
266, 397
266, 398
267, 398
268, 398
269, 398
270, 398
270, 397
271, 396
272, 396
273, 397
273, 398
273, 399
274, 399
275, 400
276, 400
277, 401
278, 401
279, 402
279, 403
279, 404
280, 404
281, 404
282, 404
283, 404
284, 404
285, 404
286, 404
287, 404
288, 404
289, 404
290, 405
291, 406
292, 406
293, 406
294, 406
295, 407
296, 408
297, 408
298, 408
299, 409
300, 409
301, 409
302, 409
303, 409
304, 408
305, 408
306, 408
307, 408
308, 408
309, 407
310, 407
311, 407
312, 407
313, 406
314, 406
315, 406
316, 406
317, 406
317, 405
318, 404
318, 403
319, 402
320, 402
321, 402
321, 401
321, 400
322, 399
323, 398
323, 397
323, 396
324, 395
325, 395
325, 394
325, 393
326, 392
327, 392
327, 391
328, 390
328, 389
328, 388
328, 387
328, 386
328, 385
328, 384
329, 383
330, 382
331, 382
332, 381
332, 380
332, 379
333, 378
334, 377
335, 377
336, 376
337, 377
337, 378
337, 379
337, 380
337, 381
336, 382
335, 382
335, 383
335, 384
335, 385
335, 386
335, 387
335, 388
335, 389
336, 389
337, 390
336, 391
336, 392
336, 393
336, 394
336, 395
337, 395
338, 395
339, 396
339, 397
338, 398
337, 398
336, 398
335, 398
334, 398
333, 399
333, 400
333, 401
333, 402
333, 403
334, 403
335, 404
335, 405
335, 406
335, 407
336, 408
336, 409
336, 410
337, 410
338, 410
339, 410
340, 410
340, 409
341, 408
342, 408
342, 407
342, 406
343, 405
344, 404
345, 404
346, 404
347, 404
348, 403
349, 403
350, 403
351, 403
352, 402
353, 402
354, 402
355, 402
355, 401
356, 400
357, 400
357, 399
357, 398
357, 397
358, 396
359, 396
360, 396
361, 396
361, 395
362, 394
362, 393
362, 392
362, 391
362, 390
362, 389
363, 388
364, 388
365, 388
365, 387
366, 386
367, 386
368, 385
369, 384
370, 384
370, 383
370, 382
370, 381
370, 380
370, 379
371, 378
371, 377
372, 376
373, 376
374, 376
375, 375
375, 374
375, 373
375, 372
375, 371
374, 371
373, 370
373, 369
373, 368
372, 368
371, 368
370, 367
370, 366
371, 365
372, 365
372, 364
372, 363
373, 362
373, 361
373, 360
374, 359
375, 359
376, 359
376, 358
376, 357
376, 356
376, 355
375, 354
375, 353
375, 352
375, 351
374, 350
373, 349
373, 348
373, 347
373, 346
373, 345
373, 344
372, 343
372, 342
373, 341
374, 341
375, 340
376, 339
377, 339
378, 339
378, 338
378, 337
378, 336
378, 335
378, 334
378, 333
377, 333
376, 333
375, 332
375, 331
374, 330
374, 329
374, 328
374, 327
373, 327
372, 326
372, 325
372, 324
372, 323
372, 322
372, 321
372, 320
371, 320
370, 319
370, 318
370, 317
370, 316
370, 315
369, 315
368, 314
369, 313
370, 313
371, 312
371, 311
371, 310
371, 309
371, 308
371, 307
371, 306
371, 305
371, 304
370, 303
371, 302
372, 302
372, 301
372, 300
372, 299
372, 298
372, 297
372, 296
371, 295
371, 294
371, 293
371, 292
371, 291
371, 290
371, 289
371, 288
371, 287
371, 286
371, 285
371, 284
371, 283
370, 282
370, 281
370, 280
369, 280
368, 279
368, 278
368, 277
368, 276
368, 275
368, 274
368, 273
368, 272
367, 272
366, 272
365, 272
364, 271
364, 270
364, 269
364, 268
364, 267
363, 267
362, 266
363, 265
363, 264
363, 263
363, 262
363, 261
363, 260
363, 259
362, 258
362, 257
362, 256
363, 255
363, 254
363, 253
363, 252
363, 251
363, 250
363, 249
363, 248
363, 247
364, 246
364, 245
364, 244
364, 243
364, 242
364, 241
363, 240
363, 239
363, 238
362, 237
362, 236
362, 235
362, 234
361, 234
360, 234
359, 234
358, 234
357, 235
356, 234
355, 233
354, 232
354, 231
355, 230
356, 229
357, 229
358, 229
359, 228
360, 227
360, 226
360, 225
360, 224
360, 223
359, 223
358, 222
358, 221
358, 220
358, 219
358, 218
358, 217
358, 216
357, 215
357, 214
357, 213
356, 213
355, 213
354, 213
353, 213
352, 214
351, 215
350, 215
349, 215
348, 214
348, 213
348, 212
348, 211
348, 210
348, 209
348, 208
349, 207
349, 206
349, 205
349, 204
349, 203
349, 202
349, 201
348, 200
348, 199
347, 199
346, 198
346, 197
345, 196
345, 195
345, 194
344, 194
343, 194
342, 194
341, 194
340, 195
339, 194
339, 193
339, 192
339, 191
340, 190
340, 189
340, 188
340, 187
340, 186
339, 185
339, 184
339, 183
338, 183
337, 183
336, 183
335, 182
334, 181
333, 181
332, 180
332, 179
331, 178
331, 177
330, 177
329, 177
328, 177
327, 177
326, 177
325, 177
324, 178
323, 178
322, 178
321, 177
321, 176
321, 175
321, 174
321, 173
321, 172
321, 171
320, 171
319, 170
318, 169
317, 169
316, 169
315, 169
314, 169
313, 168
312, 168
311, 167
310, 167
309, 167
308, 167
307, 167
306, 167
305, 167
304, 167
303, 167
302, 167
301, 166
300, 166
299, 166
298, 166
297, 166
296, 166
295, 166
294, 166
294, 167
294, 168
293, 169
292, 170
291, 170
290, 170
289, 169
289, 168
289, 167
289, 166
289, 165
290, 164
291, 164
292, 163
293, 162
293, 161
293, 160
293, 159
293, 158
293, 157
292, 156
292, 155
292, 154
291, 154
290, 153
291, 152
291, 151
291, 150
291, 149
291, 148
290, 148
289, 148
288, 148
287, 147
287, 146
288, 145
288, 144
288, 143
288, 142
288, 141
287, 140
286, 140
285, 139
285, 138
284, 138
283, 138
282, 137
281, 137
280, 137
279, 136
279, 135
279, 134
279, 133
278, 133
277, 132
277, 131
277, 130
276, 129
276, 128
275, 128
274, 128
273, 127
273, 126
272, 125
272, 124
271, 123
271, 122
270, 122
269, 122
268, 121
268, 120
268, 119
268, 118
267, 118
266, 117
265, 116
265, 115
264, 115
263, 115
262, 114
261, 113
260, 112
260, 111
259, 111
258, 111
257, 111
256, 111
255, 111
254, 110
254, 109
253, 108
252, 108
251, 108
250, 108
249, 108
248, 108
247, 108
246, 108
245, 108
244, 107
244, 106
243, 106
242, 106
241, 105
241, 104
240, 104
239, 104
238, 104
237, 104
236, 103
236, 102
235, 102
234, 102
233, 102
232, 102
231, 102
230, 102
229, 102
228, 102
227, 102
226, 102
225, 102
224, 102
223, 102
222, 102
221, 101
220, 101
219, 101
218, 101
217, 101
216, 102
215, 101
215, 100
215, 99
214, 99
213, 99
212, 99
211, 99
210, 99
209, 100
208, 100
207, 100
206, 100
205, 100
204, 100
203, 99
202, 99
201, 99
200, 99
199, 99
